2006-065-17:37:00 NGC 4395 | 30373 | 1 | 16807589 | 186.4542 | 33.5467 | 20.2157587106699 l
2006-065-19:13:00 NGC 4395 | 30373 | 1 | 16807589 | 186.4542 | 33.5467 | 23.2943110159767 l
2006-065-20:50:00 NGC 4395 | 30373 | 1 | 16807589 | 186.4542 | 33.5467 | 20.5136827094078 l
2006-065-22:26:00 NGC 4395 | 30373 | 1 | 16807589 | 186.4542 | 33.5467 | 22.2424062354145 l
2006-066-00:00:00 NGC 4395 | 30373 | 2 | 33584805 | 186.4542 | 33.5467 | 20.9841089832661 
2006-066-01:15:00 NGC 4395 | 30373 | 2 | 33584805 | 186.4542 | 33.5467 | 53.152695945246 |
2006-066-02:52:00 NGC 4395 | 30373 | 2 | 33584805 | 186.4542 | 33.5467 | 50.1148322094143 
2006-066-04:29:00 NGC 4395 | 30373 | 2 | 33584805 | 186.4542 | 33.5467 | 51.233097302052 |
2006-066-06:05:00 NGC 4395 | 30373 | 2 | 33584805 | 186.4542 | 33.5467 | 49.3507788601328 
2006-066-07:42:00 NGC 4395 | 30373 | 2 | 33584805 | 186.4542 | 33.5467 | 52.4881722473222 
2006-066-09:18:00 NGC 4395 | 30373 | 2 | 33584805 | 186.4542 | 33.5467 | 49.073869321566 |
2006-066-10:54:00 NGC 4395 | 30373 | 2 | 33584805 | 186.4542 | 33.5467 | 52.3926820083929 
2006-066-12:31:00 NGC 4395 | 30373 | 2 | 33584805 | 186.4542 | 33.5467 | 49.7279434997862 
2006-066-14:09:00 NGC 4395 | 30373 | 2 | 33584805 | 186.4542 | 33.5467 | 51.9548082486222 
2006-066-15:44:00 NGC 4395 | 30373 | 2 | 33584805 | 186.4542 | 33.5467 | 48.4964518968678 
2006-066-17:20:00 NGC 4395 | 30373 | 2 | 33584805 | 186.4542 | 33.5467 | 50.2457738257799 
2006-066-18:56:00 NGC 4395 | 30373 | 2 | 33584805 | 186.4542 | 33.5467 | 48.585169048019 |
2006-066-20:32:00 NGC 4395 | 30373 | 2 | 33584805 | 186.4542 | 33.5467 | 51.8237474281393 
2006-066-22:11:00 NGC 4395 | 30373 | 2 | 33584805 | 186.4542 | 33.5467 | 47.8935977836369 
2006-066-23:51:00 NGC 4395 | 30373 | 2 | 33584805 | 186.4542 | 33.5467 | 51.0816036683152 
2006-067-00:12:00 NGC 4395 | 30373 | 3 | 50362021 | 186.4542 | 33.5467 | 17.923  
2006-067-01:29:00 NGC 4395 | 30373 | 3 | 50362021 | 186.4542 | 33.5467 | 17.923  
2006-067-03:01:00 NGC 4395 | 30373 | 3 | 50362021 | 186.4542 | 33.5467 | 17.923  
2006-067-04:38:00 NGC 4395 | 30373 | 3 | 50362021 | 186.4542 | 33.5467 | 17.923  
2006-067-06:14:00 NGC 4395 | 30373 | 3 | 50362021 | 186.4542 | 33.5467 | 17.923  
2006-067-07:50:00 NGC 4395 | 30373 | 3 | 50362021 | 186.4542 | 33.5467 | 17.923  
2006-067-09:27:00 NGC 4395 | 30373 | 3 | 50362021 | 186.4542 | 33.5467 | 17.923  
2006-067-11:03:00 NGC 4395 | 30373 | 3 | 50362021 | 186.4542 | 33.5467 | 17.923  
2006-067-12:39:00 NGC 4395 | 30373 | 3 | 50362021 | 186.4542 | 33.5467 | 17.923  
2006-067-14:16:00 NGC 4395 | 30373 | 3 | 50362021 | 186.4542 | 33.5467 | 17.923  
2006-067-15:53:00 NGC 4395 | 30373 | 3 | 50362021 | 186.4542 | 33.5467 | 17.923  
2006-067-17:29:00 NGC 4395 | 30373 | 3 | 50362021 | 186.4542 | 33.5467 | 17.923  
2006-067-19:06:00 NGC 4395 | 30373 | 3 | 50362021 | 186.4542 | 33.5467 | 17.923 
2006-067-20:39:00 NGC 4395 | 30373 | 3 | 50362021 | 186.4542 | 33.5467 | 17.923 
2006-067-22:17:00 NGC 4395 | 30373 | 3 | 50362021 | 186.4542 | 33.5467 | 17.923 
2006-067-01:29:00 NGC 4395 | 30373 | 3 | 50362021 | 186.4542 | 33.5467 | 33.2442490711147 
2006-067-03:01:00 NGC 4395 | 30373 | 3 | 50362021 | 186.4542 | 33.5467 | 49.6512314130101 
2006-067-04:38:00 NGC 4395 | 30373 | 3 | 50362021 | 186.4542 | 33.5467 | 47.8054224493106 
2006-067-06:14:00 NGC 4395 | 30373 | 3 | 50362021 | 186.4542 | 33.5467 | 50.1668098718851 
2006-067-07:50:00 NGC 4395 | 30373 | 3 | 50362021 | 186.4542 | 33.5467 | 48.363134258088 |
2006-067-09:27:00 NGC 4395 | 30373 | 3 | 50362021 | 186.4542 | 33.5467 | 49.2060726933174 
2006-067-11:03:00 NGC 4395 | 30373 | 3 | 50362021 | 186.4542 | 33.5467 | 47.0705031158059 
2006-067-12:39:00 NGC 4395 | 30373 | 3 | 50362021 | 186.4542 | 33.5467 | 50.2635965092965 
2006-067-14:16:00 NGC 4395 | 30373 | 3 | 50362021 | 186.4542 | 33.5467 | 48.2616186819078 
2006-067-15:53:00 NGC 4395 | 30373 | 3 | 50362021 | 186.4542 | 33.5467 | 48.6951259476965 
2006-067-17:29:00 NGC 4395 | 30373 | 3 | 50362021 | 186.4542 | 33.5467 | 48.3863806323241 
2006-067-19:06:00 NGC 4395 | 30373 | 3 | 50362021 | 186.4542 | 33.5467 | 49.5303560648244 
2006-067-20:39:00 NGC 4395 | 30373 | 3 | 50362021 | 186.4542 | 33.5467 | 46.5122117599645 
2006-067-22:17:00 NGC 4395 | 30373 | 3 | 50362021 | 186.4542 | 33.5467 | 49.7463512093027 
2006-068-00:00:00 NGC 4395 | 30373 | 4 | 67139237 | 186.4542 | 33.5467 | 31.1513577369659 
2006-068-01:31:00 NGC 4395 | 30373 | 4 | 67139237 | 186.4542 | 33.5467 | 47.799266796426 |
2006-068-03:08:00 NGC 4395 | 30373 | 4 | 67139237 | 186.4542 | 33.5467 | 47.2818690938319 
2006-068-04:44:00 NGC 4395 | 30373 | 4 | 67139237 | 186.4542 | 33.5467 | 47.8906635278452 
2006-068-06:21:00 NGC 4395 | 30373 | 4 | 67139237 | 186.4542 | 33.5467 | 45.8088358083526 
2006-068-07:57:00 NGC 4395 | 30373 | 4 | 67139237 | 186.4542 | 33.5467 | 48.4604796295345 
2006-068-09:34:00 NGC 4395 | 30373 | 4 | 67139237 | 186.4542 | 33.5467 | 46.5592987245437 
2006-068-11:10:00 NGC 4395 | 30373 | 4 | 67139237 | 186.4542 | 33.5467 | 48.762162913783 |
2006-068-12:46:00 NGC 4395 | 30373 | 4 | 67139237 | 186.4542 | 33.5467 | 45.5436760159603 
2006-068-14:23:00 NGC 4395 | 30373 | 4 | 67139237 | 186.4542 | 33.5467 | 47.9820220204953 
2006-068-15:59:00 NGC 4395 | 30373 | 4 | 67139237 | 186.4542 | 33.5467 | 45.1609530744946 
2006-068-17:36:00 NGC 4395 | 30373 | 4 | 67139237 | 186.4542 | 33.5467 | 46.8512724068652 
2006-068-19:12:00 NGC 4395 | 30373 | 4 | 67139237 | 186.4542 | 33.5467 | 45.2038328026952 
2006-068-20:50:00 NGC 4395 | 30373 | 4 | 67139237 | 186.4542 | 33.5467 | 46.7326107570752 
2006-068-22:24:00 NGC 4395 | 30373 | 4 | 67139237 | 186.4542 | 33.5467 | 46.0677823647566 
2006-069-00:24:00 NGC 4395 | 30373 | 5 | 83916453 | 186.4542 | 33.5467 | 14.7076130701138 
2006-069-01:49:00 NGC 4395 | 30373 | 5 | 83916453 | 186.4542 | 33.5467 | 17.5485984452031 l
2006-069-03:38:00 NGC 4395 | 30373 | 5 | 83916453 | 186.4542 | 33.5467 | 13.8786217289699 
2006-069-05:13:00 NGC 4395 | 30373 | 5 | 83916453 | 186.4542 | 33.5467 | 17.2813600050273 
2006-069-06:50:00 NGC 4395 | 30373 | 5 | 83916453 | 186.4542 | 33.5467 | 15.3508782869219 
2006-069-08:26:00 NGC 4395 | 30373 | 5 | 83916453 | 186.4542 | 33.5467 | 17.0476326610129 
2006-069-10:02:00 NGC 4395 | 30373 | 5 | 83916453 | 186.4542 | 33.5467 | 15.1602368680778 
2006-069-11:38:00 NGC 4395 | 30373 | 5 | 83916453 | 186.4542 | 33.5467 | 15.7027382015242 
2006-069-13:15:00 NGC 4395 | 30373 | 5 | 83916453 | 186.4542 | 33.5467 | 13.0652011844814 
2006-069-14:52:00 NGC 4395 | 30373 | 5 | 83916453 | 186.4542 | 33.5467 | 16.2508131091207 
